1) 763
2) 579
3) 824
4) 694
5) 277
6) 222
7) 571
8) 583
9) 535
10) 226
11) 442
12) 922
13) 747
14) 673
15) 958
16) 659
17) 384
18) 383
19) 624
20) 861
21) 249
22) 936
23) 229
24) 260
25) 799
26) 963
27) 541
28) 219
29) 511
30) 204
31) 533
32) 419
33) 386
34) 791
35) 361
36) 848
37) 900
38) 401
39) 274
40) 560
41) 420
42) 252
43) 351
44) 878
45) 135
46) 541
47) 660
48) 190
49) 551
50) 534
51) 361
52) 941
53) 848
54) 780
55) 264
56) 143
57) 101
58) 982
59) 200
60) 646
61) 924
62) 708
63) 742
64) 587
65) 697
66) 807
67) 786
68) 613
69) 806
70) 923
71) 280
72) 399
73) 840
74) 829
75) 750
76) 409
77) 344
78) 987
79) 184
80) 960
81) 188
82) 242
83) 502
84) 907
85) 411
86) 562
87) 716
88) 522
89) 123
90) 735
91) 815
92) 993
93) 438
94) 871
95) 354
96) 653
97) 817
98) 809
99) 270
100) 270
