71 
32 
34 
89 
69 
32 
56 
49 
29 
15 
55 
32 
67 
53 
99 
54 
62 
44 
80 
59 
12 
99 
20 
27 
81 
60 
90 
8 
51 
83 
37 
49 
40 
44 
55 
1 
18 
92 
56 
44 
60 
12 
10 
74 
87 
14 
98 
90 
33 
18 
86 
3 
36 
77 
59 
88 
80 
22 
76 
18 
46 
87 
94 
88 
18 
45 
99 
90 
66 
60 
97 
70 
73 
0 
89 
25 
19 
0 
25 
37 
21 
62 
37 
10 
34 
50 
2 
62 
69 
38 
41 
88 
28 
34 
63 
93 
90 
40 
60 
74 
11 
37 
48 
49 
59 
55 
46 
89 
43 
12 
50 
76 
51 
15 
40 
72 
9 
46 
95 
11 
40 
30 
92 
51 
99 
26 
78 
78 
39 
98 
69 
10 
23 
99 
66 
7 
83 
96 
50 
75 
25 
13 
3 
16 
28 
7 
91 
60 
65 
27 
42 
82 
25 
44 
66 
0 
7 
4 
1 
33 
35 
82 
91 
82 
82 
95 
51 
88 
62 
50 
53 
31 
12 
6 
8 
3 
7 
51 
18 
22 
19 
92 
83 
25 
55 
95 
3 
22 
50 
14 
90 
57 
87 
82 
2 
90 
96 
75 
40 
74 
